# oST version 5.0 parameters


[image]

width
640

height
480

[narrow_stereo]

camera matrix
642.039873 0.000000 346.102952
0.000000 642.780987 220.951580
0.000000 0.000000 1.000000

distortion
0.036956 -0.120548 -0.000017 0.001485 0.000000

rectification
1.000000 0.000000 0.000000
0.000000 1.000000 0.000000
0.000000 0.000000 1.000000

projection
641.689331 0.000000 346.578077 0.000000
0.000000 643.540710 220.449518 0.000000
0.000000 0.000000 1.000000 0.000000
